41013.000000
98544.000000
25447.000000
100998.000000
304440.000000
214455.000000
21597.000000
48472.000000
94421.000000
173851.000000
74485.000000
18996.000000
66282.000000
68696.000000
50852.000000
19189.000000
61087.000000
464085.000000
168336.000000
58573.000000
489935.000000
46665.000000
189202.000000
28619.000000
73563.000000
206660.000000
124409.000000
122854.000000
194799.000000
53333.000000
67275.000000
133515.000000
105427.000000
495911.000000
348353.000000
93933.000000
28958.000000
59187.000000
130096.000000
430464.000000
214586.000000
82211.000000
67421.000000
194259.000000
69122.000000
47416.000000
415314.000000
34656.000000
48340.000000
282783.000000
493885.000000
211208.000000
145406.000000
108828.000000
165024.000000
139473.000000
113634.000000
85246.000000
55463.000000
292792.000000
395082.000000
96905.000000
219775.000000
42572.000000
65813.000000
164054.000000
36177.000000
