0.000000 0.040534 0.000525 0.076449 0.000463 0.002559 0.009148 0.000568 0.000240 0.000063 0.000055 0.004331
0.000000 0.001103 0.054401 0.042078 0.014914 0.011188 0.000189 0.000284 0.000289 0.000079 0.000628 0.000206
0.000000 0.206423 0.110895 0.273069 0.075993 0.205220 0.057381 0.182535 0.027949 0.009686 0.009289 0.071106
0.000000 0.023301 0.010808 0.015456 0.275760 0.001163 0.017589 0.005740 0.007240 0.004113 0.001260 0.016649
0.000000 0.000593 0.012571 0.000917 0.012761 0.093540 0.001035 0.003140 0.016369 0.002983 0.002921 0.003560
0.000000 0.059395 0.031210 0.078902 0.020163 0.057718 0.027505 0.046994 0.024987 0.005934 0.003261 0.032101
0.000000 0.019994 0.083783 0.049323 0.018609 0.011905 0.050342 0.112531 0.009640 0.014215 0.000854 0.018313
0.000000 0.000202 0.003879 0.005630 0.006543 0.002254 0.013108 0.007642 0.120958 0.039273 0.001420 0.038000
0.000000 0.015253 0.022242 0.017559 0.021695 0.014285 0.023598 0.024778 0.029116 0.124073 0.037904 0.017001
0.000000 0.000036 0.001358 0.001831 0.004295 0.001681 0.033814 0.006732 0.012231 0.009615 0.002742 0.017499
0.000000 0.003692 0.092965 0.045852 0.050633 0.023314 0.079918 0.057673 0.140587 0.101802 0.007998 0.090339
0.000000 0.000741 0.004864 0.002799 0.004594 0.001173 0.004107 0.003890 0.006317 0.004483 0.000377 0.004164
